d1(9:10)

ans =

   1.0e-04 *

   -0.0127
   -0.2485
   
from abaqus:
d = -1.3149e-6, -2.873e-5

